H W S L T R N M
H 1.000 0.851 0.810 0.861 0.471 0.400 0.310 0.379
W 0.851 1.000 0.878 0.825 0.380 0.323 0.281 0.421
S 0.810 0.878 1.000 0.807 0.378 0.323 0.235 0.348
L 0.861 0.825 0.807 1.000 0.431 0.332 0.328 0.362 
T 0.471 0.380 0.378 0.431 1.000 0.759 0.728 0.631
R 0.400 0.323 0.323 0.332 0.759 1.000 0.579 0.580
N 0.310 0.281 0.235 0.328 0.728 0.579 1.000 0.541
M 0.379 0.421 0.348 0.362 0.631 0.580 0.541 1.000