M  P  C  E  H  F
1.00  0.62  0.54  0.32  0.284 0.37  
0.62  1.00  0.51  0.38  0.351 0.43
0.54  0.51  1.00  0.36  0.336 0.405
0.32  0.38  0.36  1.00  0.686 0.73
0.284 0.351 0.336 0.686 1.00  0.735
0.37  0.43  0.405 0.73  0.735 1.00