M P C E H F
M 4 2.480 2.160 1.280 1.136 1.480
P 2.480 4 2.04 1.520 1.404 1.720
C 2.160 2.04 4 1.440 1.344 1.620
E 1.280 1.520 1.440 4 2.744 2.920
H 1.136 1.404 1.344 2.744 4 2.940
F 1.480 1.720 1.620 2.920 2.940 4